{
  "advancedEditorSelectedIdentifier" : "ProjectBrowser",
  "openSceneRelativePaths" : [
    "Immersive.usda",
    "Skybox.usda",
    "Spell.usda"
  ],
  "recentIdentifiers" : {
    "AF09ED6F-1707-48FD-8720-65B998362C09" : [

    ],
    "B698F047-07BE-4726-9246-7C416D585409" : [

    ]
  },
  "sceneCameraHistory" : {
    "1BDE721D-E6AE-4A40-B13D-BD495495D8EF" : [
      {
        "date" : 735423725.495423,
        "title" : "Untitled",
        "transform" : [
          0.99999994,
          0,
          0,
          0,
          0,
          0.8660254,
          -0.49999994,
          0,
          0,
          0.49999994,
          0.8660254,
          0,
          0,
          0.31687665,
          0.5488465,
          1
        ]
      },
      {
        "date" : 735423716.484644,
        "title" : "Untitled",
        "transform" : [
          0.99999994,
          0,
          -0,
          0,
          -0,
          0.8660254,
          -0.49999994,
          0,
          0,
          0.49999994,
          0.8660254,
          0,
          0,
          0.22901863,
          0.39667192,
          1
        ]
      }
    ],
    "AF09ED6F-1707-48FD-8720-65B998362C09" : [
      {
        "date" : 735423687.278298,
        "title" : "Untitled",
        "transform" : [
          0.99989074,
          -8.815648e-10,
          -0.014784132,
          0,
          -0.0032861484,
          0.97498393,
          -0.22225115,
          0,
          0.014414289,
          0.22227544,
          0.97487736,
          0,
          0.064313814,
          1.115186,
          4.7958775,
          1
        ]
      },
      {
        "date" : 735423676.575197,
        "title" : "Untitled",
        "transform" : [
          0.9994123,
          -1.0545689e-09,
          0.034280524,
          0,
          -0.0008217326,
          0.9997127,
          0.023956774,
          0,
          -0.034270674,
          -0.023970863,
          0.9991251,
          0,
          -0.17536521,
          -0.09685558,
          4.9201713,
          1
        ]
      },
      {
        "date" : 735423669.776996,
        "title" : "Untitled",
        "transform" : [
          0.99941224,
          -1.1166543e-09,
          0.034280524,
          0,
          -0.0008217336,
          0.99971265,
          0.023956776,
          0,
          -0.03427067,
          -0.02397084,
          0.99912506,
          0,
          0.105321445,
          0.061842237,
          0.932391,
          1
        ]
      },
      {
        "date" : 735423647.043182,
        "title" : "Untitled",
        "transform" : [
          1,
          0,
          0,
          0,
          0,
          0.86602587,
          -0.4999992,
          0,
          0,
          0.4999992,
          0.86602587,
          0,
          1.1160903,
          4.9121575,
          5.1082296,
          1
        ]
      },
      {
        "date" : 735423644.637303,
        "title" : "Untitled",
        "transform" : [
          1,
          0,
          0,
          0,
          0,
          0.86602587,
          -0.4999992,
          0,
          0,
          0.4999992,
          0.86602587,
          0,
          -2.958154,
          -0.5406351,
          -1.6770082,
          1
        ]
      },
      {
        "date" : 735415727.946188,
        "title" : "Untitled",
        "transform" : [
          1,
          0,
          0,
          0,
          0,
          0.86602587,
          -0.4999992,
          0,
          0,
          0.4999992,
          0.86602587,
          0,
          -1.1654809,
          1.8585998,
          1.3085046,
          1
        ]
      },
      {
        "date" : 735415721.790054,
        "title" : "Untitled",
        "transform" : [
          1,
          0,
          0,
          0,
          0,
          0.86602587,
          -0.4999992,
          0,
          0,
          0.4999992,
          0.86602587,
          0,
          -3.4850533,
          4.4524198,
          11.648896,
          1
        ]
      },
      {
        "date" : 735415718.397717,
        "title" : "Untitled",
        "transform" : [
          1,
          0,
          0,
          0,
          0,
          0.86602587,
          -0.4999992,
          0,
          0,
          0.4999992,
          0.86602587,
          0,
          -0.3773006,
          0.48980054,
          2.2588422,
          1
        ]
      },
      {
        "date" : 735415706.207409,
        "title" : "Untitled",
        "transform" : [
          1,
          0,
          0,
          0,
          0,
          0.86602587,
          -0.4999992,
          0,
          0,
          0.4999992,
          0.86602587,
          0,
          -1.0259254,
          8.988245,
          14.736831,
          1
        ]
      },
      {
        "date" : 735415676.522737,
        "title" : "Untitled",
        "transform" : [
          1,
          0,
          -0,
          0,
          -0,
          0.86602587,
          -0.4999992,
          0,
          0,
          0.4999992,
          0.86602587,
          0,
          0,
          3.626057,
          4.1631756,
          1
        ]
      }
    ],
    "B698F047-07BE-4726-9246-7C416D585409" : [
      {
        "date" : 735427093.774908,
        "title" : "Untitled",
        "transform" : [
          0.6936203,
          -8.363807e-09,
          -0.7203408,
          0,
          -0.3951157,
          0.8361426,
          -0.38045916,
          0,
          0.6023077,
          0.5485122,
          0.5799654,
          0,
          2.317895,
          1.8296725,
          2.4266462,
          1
        ]
      },
      {
        "date" : 735426980.584922,
        "title" : "Untitled",
        "transform" : [
          0.6936203,
          -8.363807e-09,
          -0.7203408,
          0,
          -0.3951157,
          0.8361426,
          -0.38045916,
          0,
          0.6023077,
          0.5485122,
          0.5799654,
          0,
          5.9490027,
          4.6959543,
          6.2281194,
          1
        ]
      },
      {
        "date" : 735426871.371723,
        "title" : "Untitled",
        "transform" : [
          0.6936203,
          -8.363807e-09,
          -0.7203408,
          0,
          -0.3951157,
          0.8361426,
          -0.38045916,
          0,
          0.6023076,
          0.54851216,
          0.57996535,
          0,
          0.2948728,
          0.23276328,
          0.30870777,
          1
        ]
      },
      {
        "date" : 735426847.411792,
        "title" : "Untitled",
        "transform" : [
          0.9167834,
          3.4241159e-09,
          -0.39938462,
          0,
          -0.12995385,
          0.9455816,
          -0.29830766,
          0,
          0.37765086,
          0.32538512,
          0.8668935,
          0,
          0.17165469,
          0.12039403,
          0.438713,
          1
        ]
      },
      {
        "date" : 735426796.077468,
        "title" : "Untitled",
        "transform" : [
          0.7922813,
          3.4228336e-09,
          -0.6101559,
          0,
          -0.19890372,
          0.9453738,
          -0.25827444,
          0,
          0.57682544,
          0.32598832,
          0.749002,
          0,
          0.2730524,
          0.12069434,
          0.38380256,
          1
        ]
      },
      {
        "date" : 735426738.396866,
        "title" : "Untitled",
        "transform" : [
          0.7922813,
          3.4228336e-09,
          -0.6101559,
          0,
          -0.19890372,
          0.9453738,
          -0.25827444,
          0,
          0.57682544,
          0.32598832,
          0.749002,
          0,
          0.40681684,
          0.17982079,
          0.571822,
          1
        ]
      },
      {
        "date" : 735426736.128287,
        "title" : "Untitled",
        "transform" : [
          0.7922813,
          3.4228336e-09,
          -0.6101559,
          0,
          -0.19890372,
          0.9453738,
          -0.25827444,
          0,
          0.57682544,
          0.32598832,
          0.749002,
          0,
          0.3068417,
          0.13562989,
          0.43129694,
          1
        ]
      },
      {
        "date" : 735426728.995107,
        "title" : "Untitled",
        "transform" : [
          0.7922813,
          3.4228336e-09,
          -0.6101559,
          0,
          -0.19890372,
          0.9453738,
          -0.25827444,
          0,
          0.57682544,
          0.32598832,
          0.749002,
          0,
          0.20585784,
          0.090993084,
          0.2893539,
          1
        ]
      },
      {
        "date" : 735426724.682147,
        "title" : "Untitled",
        "transform" : [
          0.7922813,
          3.4228336e-09,
          -0.6101559,
          0,
          -0.19890372,
          0.9453738,
          -0.25827444,
          0,
          0.57682544,
          0.32598832,
          0.749002,
          0,
          0.06801056,
          0.030061971,
          0.095595695,
          1
        ]
      },
      {
        "date" : 735426480.343006,
        "title" : "Untitled",
        "transform" : [
          0.7922813,
          3.4228336e-09,
          -0.6101559,
          0,
          -0.19890372,
          0.9453738,
          -0.25827444,
          0,
          0.57682544,
          0.32598832,
          0.749002,
          0,
          0.48831746,
          0.21584569,
          0.6863796,
          1
        ]
      }
    ]
  },
  "selectedSceneRelativePath" : "Spell.usda"
}