{
  "advancedEditorSelectedIdentifier" : "ProjectBrowser",
  "openSceneRelativePaths" : [
    "Immersive.usda",
    "Spell.usda",
    "Frostbolt.usda"
  ],
  "recentIdentifiers" : {
    "B698F047-07BE-4726-9246-7C416D585409" : [

    ]
  },
  "sceneCameraHistory" : {
    "AF09ED6F-1707-48FD-8720-65B998362C09" : [
      {
        "date" : 755820739.981088,
        "title" : "Untitled",
        "transform" : [
          1,
          0,
          0,
          0,
          0,
          0.7071069,
          -0.70710677,
          0,
          0,
          0.70710677,
          0.7071069,
          0,
          -0.04547596,
          2.3621726,
          1.2954066,
          1
        ]
      },
      {
        "date" : 755820737.431856,
        "title" : "Untitled",
        "transform" : [
          1,
          0,
          0,
          0,
          0,
          0.7071069,
          -0.70710677,
          0,
          0,
          0.70710677,
          0.7071069,
          0,
          0.0442757,
          2.4281077,
          1.2294729,
          1
        ]
      }
    ],
    "B698F047-07BE-4726-9246-7C416D585409" : [
      {
        "date" : 756086419.217764,
        "title" : "Untitled",
        "transform" : [
          0.9999486,
          -1.0233601e-09,
          0.010133531,
          0,
          0.010127362,
          0.034899585,
          -0.9993396,
          0,
          -0.00035367158,
          0.9993909,
          0.0348978,
          0,
          0.07003691,
          1.5470445,
          0.20653716,
          1
        ]
      },
      {
        "date" : 756084227.858022,
        "title" : "Untitled",
        "transform" : [
          0.9999486,
          -1.0233601e-09,
          0.010133531,
          0,
          0.010127362,
          0.034899525,
          -0.9993396,
          0,
          -0.00035367097,
          0.9993909,
          0.03489774,
          0,
          0.09893354,
          1.5417329,
          0.3589416,
          1
        ]
      },
      {
        "date" : 756084219.050208,
        "title" : "Untitled",
        "transform" : [
          0.9991546,
          -1.02336e-09,
          0.041109048,
          0,
          0.04108401,
          0.034899585,
          -0.99854606,
          0,
          -0.0014347045,
          0.9993909,
          0.03487009,
          0,
          0.08776533,
          1.5417329,
          0.36183456,
          1
        ]
      },
      {
        "date" : 756084216.219274,
        "title" : "Untitled",
        "transform" : [
          0.99951303,
          -1.02336e-09,
          0.031204643,
          0,
          0.03118564,
          0.034899525,
          -0.99890417,
          0,
          -0.001089043,
          0.9993909,
          0.034882538,
          0,
          0.09134708,
          1.5417329,
          0.36094686,
          1
        ]
      },
      {
        "date" : 755820777.379698,
        "title" : "Untitled",
        "transform" : [
          0.99524206,
          -1.3922108e-10,
          0.097433604,
          0,
          0.056545787,
          0.8143658,
          -0.57759064,
          0,
          -0.07934661,
          0.580352,
          0.81049114,
          0,
          -0.06386164,
          1.0888921,
          2.405076,
          1
        ]
      },
      {
        "date" : 755820755.528922,
        "title" : "Untitled",
        "transform" : [
          0.9987832,
          -2.1470797e-11,
          -0.04931674,
          0,
          -0.034292523,
          0.71866894,
          -0.6945064,
          0,
          0.03544241,
          0.69535255,
          0.7177944,
          0,
          0.2795865,
          1.434741,
          2.1994326,
          1
        ]
      },
      {
        "date" : 755820749.914127,
        "title" : "Untitled",
        "transform" : [
          1,
          0,
          0,
          0,
          0,
          0.7071069,
          -0.70710677,
          0,
          0,
          0.70710677,
          0.7071069,
          0,
          0.17077745,
          1.4709914,
          2.1865895,
          1
        ]
      }
    ],
    "BFD026DE-A6AF-4FF7-BF33-DE7A9B2F2897" : [
      {
        "date" : 756086168.817611,
        "title" : "Untitled",
        "transform" : [
          0.9984525,
          6.201622e-09,
          0.055611975,
          0,
          0.050853767,
          0.4047233,
          -0.9130241,
          0,
          -0.022507455,
          0.91443926,
          0.40409696,
          0,
          -0.19270141,
          1.2543185,
          1.0757394,
          1
        ]
      },
      {
        "date" : 756086079.556031,
        "title" : "Untitled",
        "transform" : [
          0.9984525,
          6.201622e-09,
          0.055611975,
          0,
          0.050853767,
          0.4047233,
          -0.9130241,
          0,
          -0.022507455,
          0.91443926,
          0.40409696,
          0,
          -0.042040538,
          1.403698,
          0.74609697,
          1
        ]
      },
      {
        "date" : 756084241.664651,
        "title" : "Untitled",
        "transform" : [
          0.9984525,
          6.201622e-09,
          0.055611975,
          0,
          0.050853767,
          0.4047233,
          -0.9130241,
          0,
          -0.022507455,
          0.91443926,
          0.40409696,
          0,
          0.012736429,
          1.4382901,
          0.6708685,
          1
        ]
      },
      {
        "date" : 756084206.20714,
        "title" : "Untitled",
        "transform" : [
          0.99999416,
          5.8718728e-09,
          0.003424789,
          0,
          0.0034227031,
          0.034899514,
          -0.999385,
          0,
          -0.000119516306,
          0.99939084,
          0.034899317,
          0,
          0.04973332,
          1.5840333,
          0.08526662,
          1
        ]
      },
      {
        "date" : 756084128.886741,
        "title" : "Untitled",
        "transform" : [
          0.9397171,
          6.0780954e-09,
          -0.34195277,
          0,
          -0.05003838,
          0.9892357,
          -0.13750997,
          0,
          0.33827192,
          0.14633122,
          0.9296017,
          0,
          0.8430257,
          0.31425852,
          2.1704183,
          1
        ]
      },
      {
        "date" : 756084089.889886,
        "title" : "Untitled",
        "transform" : [
          0.9397171,
          6.0780954e-09,
          -0.34195277,
          0,
          -0.05003838,
          0.9892357,
          -0.13750997,
          0,
          0.33827192,
          0.14633122,
          0.9296017,
          0,
          0.4739892,
          0.6961865,
          2.2445865,
          1
        ]
      },
      {
        "date" : 756084081.815461,
        "title" : "Untitled",
        "transform" : [
          0.93971723,
          6.0780962e-09,
          -0.3419528,
          0,
          -0.05003838,
          0.9892357,
          -0.13750997,
          0,
          0.33827192,
          0.14633122,
          0.9296017,
          0,
          0.5283558,
          0.14394334,
          1.6077887,
          1
        ]
      },
      {
        "date" : 756082546.343459,
        "title" : "Untitled",
        "transform" : [
          0.9992738,
          1.4596545e-09,
          0.03810384,
          0,
          0.019051919,
          0.86602545,
          -0.4996369,
          0,
          -0.032998897,
          0.5,
          0.8653965,
          0,
          -0.111160204,
          0.75615096,
          1.51682,
          1
        ]
      },
      {
        "date" : 755821559.086201,
        "title" : "Untitled",
        "transform" : [
          0.9992738,
          1.4596545e-09,
          0.03810384,
          0,
          0.019051919,
          0.86602545,
          -0.4996369,
          0,
          -0.032998897,
          0.5,
          0.8653965,
          0,
          0.05758937,
          0.88555217,
          1.4484905,
          1
        ]
      },
      {
        "date" : 755820898.76157,
        "title" : "Untitled",
        "transform" : [
          0.9992738,
          1.4596545e-09,
          0.03810384,
          0,
          0.019051919,
          0.86602545,
          -0.4996369,
          0,
          -0.032998897,
          0.5,
          0.8653965,
          0,
          -0.05591313,
          0.84719706,
          1.4663229,
          1
        ]
      }
    ]
  },
  "sceneViewportBackgroundColors" : {

  },
  "selectedSceneRelativePath" : "Frostbolt.usda"
}