{
  "advancedEditorSelectedIdentifier" : "ProjectBrowser",
  "openSceneRelativePaths" : [
    "Immersive.usda",
    "Spell.usda",
    "Frostbolt.usda"
  ],
  "recentIdentifiers" : {
    "B698F047-07BE-4726-9246-7C416D585409" : [

    ]
  },
  "sceneCameraHistory" : {
    "AF09ED6F-1707-48FD-8720-65B998362C09" : [
      {
        "date" : 755820739.981088,
        "title" : "Untitled",
        "transform" : [
          1,
          0,
          0,
          0,
          0,
          0.7071069,
          -0.70710677,
          0,
          0,
          0.70710677,
          0.7071069,
          0,
          -0.04547596,
          2.3621726,
          1.2954066,
          1
        ]
      },
      {
        "date" : 755820737.431856,
        "title" : "Untitled",
        "transform" : [
          1,
          0,
          0,
          0,
          0,
          0.7071069,
          -0.70710677,
          0,
          0,
          0.70710677,
          0.7071069,
          0,
          0.0442757,
          2.4281077,
          1.2294729,
          1
        ]
      }
    ],
    "B698F047-07BE-4726-9246-7C416D585409" : [
      {
        "date" : 755820777.379698,
        "title" : "Untitled",
        "transform" : [
          0.99524206,
          -1.3922108e-10,
          0.097433604,
          0,
          0.056545787,
          0.8143658,
          -0.57759064,
          0,
          -0.07934661,
          0.580352,
          0.81049114,
          0,
          -0.06386164,
          1.0888921,
          2.405076,
          1
        ]
      },
      {
        "date" : 755820755.528922,
        "title" : "Untitled",
        "transform" : [
          0.9987832,
          -2.1470797e-11,
          -0.04931674,
          0,
          -0.034292523,
          0.71866894,
          -0.6945064,
          0,
          0.03544241,
          0.69535255,
          0.7177944,
          0,
          0.2795865,
          1.434741,
          2.1994326,
          1
        ]
      },
      {
        "date" : 755820749.914127,
        "title" : "Untitled",
        "transform" : [
          1,
          0,
          0,
          0,
          0,
          0.7071069,
          -0.70710677,
          0,
          0,
          0.70710677,
          0.7071069,
          0,
          0.17077745,
          1.4709914,
          2.1865895,
          1
        ]
      }
    ],
    "BFD026DE-A6AF-4FF7-BF33-DE7A9B2F2897" : [
      {
        "date" : 755821559.086201,
        "title" : "Untitled",
        "transform" : [
          0.9992738,
          1.4596545e-09,
          0.03810384,
          0,
          0.019051919,
          0.86602545,
          -0.4996369,
          0,
          -0.032998897,
          0.5,
          0.8653965,
          0,
          0.05758937,
          0.88555217,
          1.4484905,
          1
        ]
      },
      {
        "date" : 755820898.76157,
        "title" : "Untitled",
        "transform" : [
          0.9992738,
          1.4596545e-09,
          0.03810384,
          0,
          0.019051919,
          0.86602545,
          -0.4996369,
          0,
          -0.032998897,
          0.5,
          0.8653965,
          0,
          -0.05591313,
          0.84719706,
          1.4663229,
          1
        ]
      },
      {
        "date" : 755820894.230238,
        "title" : "Untitled",
        "transform" : [
          0.99927384,
          4.5642778e-10,
          0.03810384,
          0,
          0.01905194,
          0.86602503,
          -0.49963742,
          0,
          -0.032998882,
          0.5000006,
          0.8653962,
          0,
          -0.011941449,
          0.18093897,
          0.3131647,
          1
        ]
      },
      {
        "date" : 755820889.445943,
        "title" : "Untitled",
        "transform" : [
          0.9992738,
          -1.950462e-11,
          0.038103838,
          0,
          0.021342319,
          0.82841873,
          -0.55970263,
          0,
          -0.031565934,
          0.5601094,
          0.82781714,
          0,
          -0.08163897,
          1.4486109,
          2.1409833,
          1
        ]
      }
    ]
  },
  "sceneViewportBackgroundColors" : {

  },
  "selectedSceneRelativePath" : "Frostbolt.usda"
}