{
  "advancedEditorSelectedIdentifier" : "StatisticsPluginID",
  "openSceneRelativePaths" : [
    "Scene.usda"
  ],
  "recentIdentifiers" : {
    "87E98CCF-00BF-4245-B3B0-A62BF40DD893" : [

    ]
  },
  "sceneCameraHistory" : {
    "87E98CCF-00BF-4245-B3B0-A62BF40DD893" : [
      {
        "date" : 755649630.594459,
        "title" : "Untitled",
        "transform" : [
          -0.37149274,
          -3.3422405e-09,
          0.9284359,
          0,
          0.2698365,
          0.95683384,
          0.10796897,
          0,
          -0.88835883,
          0.29063562,
          -0.35545677,
          0,
          -0.69034445,
          0.40163812,
          -0.525696,
          1
        ]
      },
      {
        "date" : 755649625.233203,
        "title" : "Untitled",
        "transform" : [
          0.9999516,
          -7.3885725e-10,
          -0.009841762,
          0,
          -0.0069591757,
          0.70710677,
          -0.70707256,
          0,
          0.0069591766,
          0.70710677,
          0.7070725,
          0,
          -0.22620824,
          0.74820954,
          0.550688,
          1
        ]
      },
      {
        "date" : 755649543.322766,
        "title" : "Untitled",
        "transform" : [
          0.9999516,
          -7.3885725e-10,
          -0.009841762,
          0,
          -0.0069591757,
          0.70710677,
          -0.70707256,
          0,
          0.0069591766,
          0.70710677,
          0.7070725,
          0,
          -0.04653994,
          0.74411213,
          0.55301726,
          1
        ]
      },
      {
        "date" : 755649541.571415,
        "title" : "Untitled",
        "transform" : [
          0.9999516,
          -7.3885725e-10,
          -0.009841762,
          0,
          -0.0069591757,
          0.70710677,
          -0.70707256,
          0,
          0.0069591766,
          0.70710677,
          0.7070725,
          0,
          0.006521813,
          0.64788663,
          0.64872515,
          1
        ]
      },
      {
        "date" : 755649455.634433,
        "title" : "Untitled",
        "transform" : [
          0.9999516,
          -7.3885725e-10,
          -0.009841762,
          0,
          -0.0069591757,
          0.70710677,
          -0.70707256,
          0,
          0.0069591766,
          0.70710677,
          0.7070725,
          0,
          0.0038356346,
          0.38103765,
          0.38153082,
          1
        ]
      },
      {
        "date" : 755649084.048951,
        "title" : "Untitled",
        "transform" : [
          0.99995154,
          0,
          -0.00984176,
          0,
          -0.0069591748,
          0.7071069,
          -0.7070725,
          0,
          0.006959176,
          0.70710677,
          0.7070726,
          0,
          0.032653067,
          0.5008007,
          0.66655594,
          1
        ]
      },
      {
        "date" : 755649073.231357,
        "title" : "Untitled",
        "transform" : [
          1,
          0,
          0,
          0,
          0,
          0.7071069,
          -0.70710677,
          0,
          0,
          0.70710677,
          0.7071069,
          0,
          0.03510421,
          0.6737933,
          0.8971947,
          1
        ]
      },
      {
        "date" : 755644189.720719,
        "title" : "Untitled",
        "transform" : [
          1,
          0,
          0,
          0,
          0,
          0.7071069,
          -0.70710677,
          0,
          0,
          0.70710677,
          0.7071069,
          0,
          0.08172977,
          1.5687284,
          2.0888524,
          1
        ]
      },
      {
        "date" : 755644157.718371,
        "title" : "Untitled",
        "transform" : [
          1,
          0,
          0,
          0,
          0,
          0.7071069,
          -0.70710677,
          0,
          0,
          0.70710677,
          0.7071069,
          0,
          0,
          1.8287902,
          1.8287904,
          1
        ]
      },
      {
        "date" : 755643713.746527,
        "title" : "Untitled",
        "transform" : [
          1,
          0,
          0,
          0,
          0,
          0.7071069,
          -0.70710677,
          0,
          0,
          0.70710677,
          0.7071069,
          0,
          0,
          1.8287902,
          1.8287904,
          1
        ]
      }
    ]
  },
  "sceneViewportBackgroundColors" : {

  },
  "selectedSceneRelativePath" : "Scene.usda"
}